每幅图像的标定误差：
第1幅图像的平均误差：0.0814726像素
第2幅图像的平均误差：0.104857像素
第3幅图像的平均误差：0.142369像素
第4幅图像的平均误差：0.160066像素
第5幅图像的平均误差：0.0909728像素
第6幅图像的平均误差：0.0959933像素
第7幅图像的平均误差：0.110842像素
第8幅图像的平均误差：0.126755像素
第9幅图像的平均误差：0.0957682像素
第10幅图像的平均误差：0.142188像素
第11幅图像的平均误差：0.143998像素
第12幅图像的平均误差：0.1074像素
第13幅图像的平均误差：0.0559339像素
总体平均误差：0.112201像素

相机内参数矩阵：
[1904.360441652945, 0, 1237.069191548004;
 0, 1906.327733417281, 1007.052693590982;
 0, 0, 1]

畸变系数：
[-0.05893762918600131, 0.04887881045352593, 0.004140691132061691, -0.002086225556869674, 0.01320722833039983]


第1幅图像的旋转向量：
[-12.12373518519193;
 -37.84980619990176;
 123.9615739488918]
第1幅图像的旋转矩阵：
[-0.1873436812161275, 0.9658856897304813, 0.1787936785299266;
 -0.9010191018511704, -0.09647702490317414, -0.4229146033954641;
 -0.3912376812216589, -0.2403268982858662, 0.888355817649997]
第1幅图像的平移向量：
[2.186136796962437;
 2.15694030231023;
 0.0369099048018099]

第2幅图像的旋转向量：
[11.76037749107997;
 -37.43990760016926;
 118.6172721725425]
第2幅图像的旋转矩阵：
[0.7518579939251646, 0.6212886404890325, 0.2207033805135677;
 -0.6354122389425441, 0.7721214737116299, -0.008928406095380127;
 -0.1759569367000073, -0.1335247356584926, 0.9753001083740733]
第2幅图像的平移向量：
[1.874612993507011;
 2.202635723075349;
 0.3890370192837005]

第3幅图像的旋转向量：
[11.82359153610575;
 -39.04991444670018;
 107.5247836842538]
第3幅图像的旋转矩阵：
[-0.3169657375531998, -0.9287037895243486, -0.1924629640748335;
 0.8357747818973156, -0.1775754678210976, -0.5195646900748865;
 0.4483449956917671, -0.3255398970191409, 0.8324725462661917]
第3幅图像的平移向量：
[1.843913366273589;
 1.984160834779674;
 0.5351751903005522]

第4幅图像的旋转向量：
[25.66973853531373;
 -33.87217564644899;
 103.3703888645812]
第4幅图像的旋转矩阵：
[0.277657553126181, 0.8453534633368606, 0.4563812060288601;
 -0.9515111767949122, 0.3074717231535317, 0.009360549949613189;
 -0.1324113425139374, -0.4368508458105269, 0.8897351150136111]
第4幅图像的平移向量：
[1.713818479858618;
 2.029395041217646;
 0.5979295299510279]

第5幅图像的旋转向量：
[-10.25117976623077;
 -51.97223534947071;
 144.3136492204985]
第5幅图像的旋转矩阵：
[-0.9694500455425862, -0.1501418679564558, -0.1939691436389402;
 0.2393375113761993, -0.7521411359262219, -0.6140042893138941;
 -0.05370442110036473, -0.6416705783610143, 0.7650978395081994]
第5幅图像的平移向量：
[1.806200208978509;
 2.036792310435772;
 -0.2639801469367942]

第6幅图像的旋转向量：
[-28.0089185789953;
 -54.21189710056635;
 132.0285992454054]
第6幅图像的旋转矩阵：
[0.6094577958113003, -0.7008545320465501, -0.3706266585590445;
 0.759076601141364, 0.6507624637456888, 0.01763318970905425;
 0.2288316165316888, -0.292080709204583, 0.9286145328315952]
第6幅图像的平移向量：
[2.079652779142692;
 2.028800076660902;
 -0.4445638505091373]

第7幅图像的旋转向量：
[-26.89498122408193;
 -43.00611188759218;
 144.0672270580794]
第7幅图像的旋转矩阵：
[-0.3181117732855242, -0.8124511710103437, -0.4885979885560938;
 0.9473416300167379, -0.252442864749077, -0.1970188723815806;
 0.03672513763581556, -0.5255432377656483, 0.8499738640125531]
第7幅图像的平移向量：
[1.978421538392215;
 1.64839306831293;
 -0.7117963034420244]

第8幅图像的旋转向量：
[-37.67835630989703;
 -38.13808087399902;
 126.3322747792264]
第8幅图像的旋转矩阵：
[0.5803875802412418, 0.8057323577921611, 0.1180915928777368;
 -0.7364820554525384, 0.5812274307229436, -0.3460763727439511;
 -0.3474830049054493, 0.1138860895012679, 0.9307446050985141]
第8幅图像的平移向量：
[2.278024521814548;
 1.940614243629368;
 -0.1025319318134539]

第9幅图像的旋转向量：
[-23.55779359394363;
 -27.84281316344546;
 105.3023843161917]
第9幅图像的旋转矩阵：
[-0.03826336279441334, 0.9987614141562032, 0.03180491566353039;
 -0.8839563866434653, -0.01898792542380562, -0.4671836525396927;
 -0.4660010961144743, -0.0459901759161799, 0.8835880726556393]
第9幅图像的平移向量：
[-2.230831664263159;
 -2.084788530217786;
 -0.3425972508882704]

第10幅图像的旋转向量：
[-22.37935446427916;
 -24.2785071221889;
 90.48951442304727]
第10幅图像的旋转矩阵：
[-0.4054437033828581, -0.7342030285365286, -0.544574435935972;
 0.9081942731409018, -0.391255984606261, -0.148667134040627;
 -0.1039161470670535, -0.5548555374127344, 0.8254312612090504]
第10幅图像的平移向量：
[-2.147972702056726;
 -2.008346812054389;
 -0.4762142548305742]

第11幅图像的旋转向量：
[-18.25571000620976;
 -21.80554911213818;
 84.81196987686806]
第11幅图像的旋转矩阵：
[0.120604892859109, -0.8992458760925355, -0.4204893745970415;
 0.9905449596119091, 0.1369130140716424, -0.008689623999894175;
 0.06538457620788043, -0.4154656194059703, 0.9072558494083844]
第11幅图像的平移向量：
[-2.082144843434538;
 -1.961638697324622;
 -0.5670954875002668]

第12幅图像的旋转向量：
[-29.99874717712674;
 -41.81338602990412;
 117.5023213634251]
第12幅图像的旋转矩阵：
[-0.7619110853524638, -0.3193657115781541, -0.5634687571509267;
 0.6035225438614495, -0.665810080276674, -0.438699756157869;
 -0.2350575186375358, -0.6743163050602797, 0.7000324875759817]
第12幅图像的平移向量：
[2.17575281074431;
 2.129850058477667;
 -0.297403389073305]

第13幅图像的旋转向量：
[-45.94198551246865;
 -23.9971410911104;
 135.4322172318266]
第13幅图像的旋转矩阵：
[0.8905112677713449, -0.440152681728932, -0.1151316582834691;
 0.4529141089083956, 0.8816284102484783, 0.132665580292911;
 0.04311022992267623, -0.1702849465148646, 0.9844513929425077]
第13幅图像的平移向量：
[-2.510015475768935;
 -1.791584461609144;
 0.1018361959903441]


