重投影误差1：0.809414像素

重投影误差2：0.809416像素

重投影误差3：0.10513像素

相机内参数矩阵：
[1894.859019233166, 0, 1236.265960637876;
 0, 1898.310118883969, 1008.735877703227;
 0, 0, 1]

畸变系数：
[-0.05830723841931439, 0.04759955027465711, 0.003761577507852254, -0.002006742024684107, 0]


第1幅图像的旋转向量：
[2.18548455180983;
 2.156620071332027;
 0.03627338656142094]
第1幅图像的旋转矩阵：
[0.0143955792363244, 0.9976756247867357, 0.06660416657272475;
 0.9993511758198691, -0.01215637815900772, -0.03390353753666903;
 -0.03301506755855324, 0.06704901323995571, -0.9972033068224616]
第1幅图像的平移向量：
[-30.17320663898977;
 -94.9374987727896;
 308.2602370507361]

第2幅图像的旋转向量：
[-2.148743950201473;
 -2.009000612669933;
 -0.4737401520751009]
第2幅图像的旋转矩阵：
[0.04645539197002579, 0.9918030212740723, 0.1190321954285222;
 0.9404937668531625, -0.08358192970091483, 0.3293714248956956;
 0.3366205149233493, 0.09664795920811721, -0.9366673907602663]
第2幅图像的平移向量：
[-55.86937785852001;
 -61.03550964598504;
 225.0865237079483]

第3幅图像的旋转向量：
[-2.082872604790349;
 -1.962178609911424;
 -0.5643875906139069]
第3幅图像的旋转矩阵：
[0.03228759995506858, 0.9918991606730159, 0.1228558746878144;
 0.9055894173870236, -0.08104572146057687, 0.4163404834382141;
 0.4229247190763063, 0.09781434500675812, -0.9008701548531433]
第3幅图像的平移向量：
[-45.57481896920629;
 -54.86379807622362;
 210.9381470257867]

第4幅图像的旋转向量：
[2.176588198660576;
 2.130819418500037;
 -0.2955114019173475]
第4幅图像的旋转矩阵：
[0.01335913066655503, 0.9966592520133106, -0.08057213540735988;
 0.9809709708920713, -0.02867262086981848, -0.192025610478192;
 -0.1936943155978011, -0.07647363067570209, -0.9780768353848156]
第4幅图像的平移向量：
[-74.88880942556206;
 -104.8485444909017;
 292.1233178573486]

第5幅图像的旋转向量：
[-2.510259333428329;
 -1.791900994152281;
 0.1008591775965063]
第5幅图像的旋转矩阵：
[0.3240040033814073, 0.9421855860133918, -0.08548524610377425;
 0.9458273856686709, -0.3245857840754377, 0.007390892726915024;
 -0.02078370303840479, -0.08324896566765871, -0.9963120231148856]
第5幅图像的平移向量：
[-114.7208337043407;
 -60.30376526347075;
 336.8041543728519]

第6幅图像的旋转向量：
[1.875221784077492;
 2.203151852088569;
 0.3875152603930179]
第6幅图像的旋转矩阵：
[-0.1600985879087951, 0.9284822879497534, 0.3350956327874199;
 0.9870993171869082, 0.1499586263423129, 0.05610123345049225;
 0.001838520804806731, 0.3397543985721425, -0.9405123967774863]
第6幅图像的平移向量：
[29.49870872726797;
 -93.91459174629509;
 294.9529148536042]

第7幅图像的旋转向量：
[1.844530711033368;
 1.984475030413704;
 0.5338431326041851]
第7幅图像的旋转矩阵：
[-0.06810142690999976, 0.8540451637583253, 0.5157218765127551;
 0.9975225835735284, 0.06742356000111283, 0.02006885192455335;
 -0.01763209895659745, 0.5158109361168992, -0.8565209788841094]
第7幅图像的平移向量：
[29.58802639375563;
 -97.92957797832216;
 267.1427130582473]

第8幅图像的旋转向量：
[1.714649722232287;
 2.02998082303439;
 0.5963657885953867]
第8幅图像的旋转矩阵：
[-0.1551340147554552, 0.8092337894719226, 0.5666340189600045;
 0.9871272273289025, 0.1495657085997313, 0.05665629600506922;
 -0.03890082944884132, 0.5681291867066618, -0.8220194357071]
第8幅图像的平移向量：
[64.14650414249347;
 -85.00915734487384;
 256.7152182041712]

第9幅图像的旋转向量：
[1.806618542628353;
 2.037482203728199;
 -0.2633141246676802]
第9幅图像的旋转矩阵：
[-0.08203805116650809, 0.9816678414828006, 0.1720407136677266;
 0.9056785668410277, 0.1454778083325223, -0.3982242343800139;
 -0.415952030558313, 0.1231440468770831, -0.9010102396716427]
第9幅图像的平移向量：
[-25.47156450923848;
 -130.2632812498244;
 358.9288799051192]

第10幅图像的旋转向量：
[2.080337812835567;
 2.029843329937544;
 -0.4419282028295977]
第10幅图像的旋转矩阵：
[0.01153133339390622, 0.9973158841668748, -0.07230529398739738;
 0.9371081295323151, -0.03600549346760595, -0.3471771277094736;
 -0.3488486518744262, -0.06375446359745748, -0.9350080141136737]
第10幅图像的平移向量：
[-69.90171671822557;
 -135.9151544998945;
 328.3294092610799]

第11幅图像的旋转向量：
[1.978180399167279;
 1.649402036193258;
 -0.7110805161147972]
第11幅图像的旋转矩阵：
[0.1451558123552037, 0.9849946068924711, -0.09335638452857786;
 0.7441174150316241, -0.1708690370595572, -0.6458274110170563;
 -0.6520882323628874, 0.02427749095533499, -0.7577542745816475]
第11幅图像的平移向量：
[-67.06694410168778;
 -107.8351683001173;
 358.319724270436]

第12幅图像的旋转向量：
[2.277982891583931;
 1.940586275295107;
 -0.101987172335453]
第12幅图像的旋转矩阵：
[0.1621609722724604, 0.9858002560476746, 0.04360819014806651;
 0.9757986593118528, -0.153632174119158, -0.1556089057882346;
 -0.146699678107491, 0.06778650493837336, -0.9868557109280963]
第12幅图像的平移向量：
[-94.06555177864344;
 -95.63783278210825;
 314.1611873504095]

第13幅图像的旋转向量：
[-2.231198811508181;
 -2.085082128431188;
 -0.340343468112918]
第13幅图像的旋转矩阵：
[0.05564988349146494, 0.9919241703883901, 0.1139716221990816;
 0.9766806667307988, -0.07778722603231469, 0.2001100264866296;
 0.2073595083464184, 0.1001777802983348, -0.9731220101471502]
第13幅图像的平移向量：
[-58.79856644850911;
 -69.92431490553838;
 261.9759085248223]


